 CLIM_FCG_NYEARS(1)= 43,
 CLIM_FCG_YEARS(1,1)=1850,1941,1942,1943,1944,1945,1946,1947,1948,1949,1950,1951,1952,1953,1954,1955,1956,1957,1958,1959,1960,1961,1962,1963,1964,1965,1966,1967,1968,1969,1970,1971,1972,1973,1974,1975,1976,1977,1978,1979,1980,2020,2090,
 CLIM_FCG_LEVLS(1,1)=4.494000e-04,4.494000e-04,4.494000e-04,4.494000e-04,4.494000e-04,4.494000e-04,4.494000e-04,4.494000e-04,4.494000e-04,4.494000e-04,8.988000e-04,8.988000e-04,8.988000e-04,8.988000e-04,8.988000e-04,8.988000e-04,8.988000e-04,8.988000e-04,8.988000e-04,8.988000e-04,8.988000e-04,8.988000e-04,8.988000e-04,8.988000e-04,8.988000e-04,8.988000e-04,8.988000e-04,8.988000e-04,8.988000e-04,8.988000e-04,8.988000e-04,8.988000e-04,8.988000e-04,8.988000e-04,8.988000e-04,8.988000e-04,8.988000e-04,8.988000e-04,8.988000e-04,8.988000e-04,8.988000e-04,8.988000e-04,8.988000e-04,
 CLIM_FCG_RATES(1,1)=-32768.0,-32768.0,-32768.0,-32768.0,-32768.0,-32768.0,-32768.0,-32768.0,-32768.0,-32768.0,-32768.0,-32768.0,-32768.0,-32768.0,-32768.0,-32768.0,-32768.0,-32768.0,-32768.0,-32768.0,-32768.0,-32768.0,-32768.0,-32768.0,-32768.0,-32768.0,-32768.0,-32768.0,-32768.0,-32768.0,-32768.0,-32768.0,-32768.0,-32768.0,-32768.0,-32768.0,-32768.0,-32768.0,-32768.0,-32768.0,-32768.0,-32768.0,-32768.0,
 CLIM_FCG_NYEARS(2)= 2,
 CLIM_FCG_YEARS(1,2)=1850,2090,
 CLIM_FCG_LEVLS(1,2)=4.870e-07,4.870e-07,
 CLIM_FCG_RATES(1,2)=-32768.0,-32768.0,
 CLIM_FCG_NYEARS(3)= 2,
 CLIM_FCG_YEARS(1,3)=1850,2090,
 CLIM_FCG_LEVLS(1,3)=4.249e-07,4.249e-07,
 CLIM_FCG_RATES(1,3)=-32768.0,-32768.0,
 CLIM_FCG_NYEARS(4)= 2,
 CLIM_FCG_YEARS(1,4)=1850,2090,
 CLIM_FCG_LEVLS(1,4)=0.000e-00,0.000e-00,
 CLIM_FCG_RATES(1,4)=-32768.0,-32768.0,
 CLIM_FCG_NYEARS(5)= 2,
 CLIM_FCG_YEARS(1,5)=1850,2090,
 CLIM_FCG_LEVLS(1,5)=0.000e-00,0.000e-00,
 CLIM_FCG_RATES(1,5)=-32768.0,-32768.0,
 CLIM_FCG_NYEARS(6)=0,
 CLIM_FCG_NYEARS(7)=0,
 CLIM_FCG_NYEARS(8)= 2,
 CLIM_FCG_YEARS(1,8)=1850,2090,
 CLIM_FCG_LEVLS(1,8)=0.000e-00,0.000e-00,
 CLIM_FCG_RATES(1,8)=-32768.0,-32768.0,
 CLIM_FCG_NYEARS(9)= 2,
 CLIM_FCG_YEARS(1,9)=1850,2090,
 CLIM_FCG_LEVLS(1,9)=0.000e-00,0.000e-00,
 CLIM_FCG_RATES(1,9)=-32768.0,-32768.0,
 CLIM_FCG_NYEARS(10)= 2,
 CLIM_FCG_YEARS(1,10)=1850,2090,
 CLIM_FCG_LEVLS(1,10)=0.000e-00,0.000e-00,
 CLIM_FCG_RATES(1,10)=-32768.0,-32768.0,
 CLIM_FCG_NYEARS(11)=2,
 CLIM_FCG_YEARS(1,11)=1850,2090,
 CLIM_FCG_LEVLS(1,11)=0.000e-00,0.000e-00,
 CLIM_FCG_RATES(1,11)=-32768.0,-32768.0,
