 CLIM_FCG_NYEARS(1)= 16,
 CLIM_FCG_YEARS(1,1)= 1999,2000,2001,2002,2003,2004,2005,2006,2007,
  2008,2009,2010,2011,2012,2013,2014,
 CLIM_FCG_LEVLS(1,1)= 5.621055e-04,5.640615e-04,5.664301e-04,
  5.697308e-04,5.736734e-04,5.760878e-04,5.790218e-04,
  5.822309e-04,5.846606e-04,5.879308e-04,5.902841e-04,
  5.940128e-04,5.974052e-04,6.005837e-04,6.047096e-04,
  6.075061e-04,
 CLIM_FCG_RATES(1,1)= -32768.0,-32768.0,-32768.0,-32768.0,
  -32768.0,-32768.0,-32768.0,-32768.0,-32768.0,-32768.0,-32768.0,
  -32768.0,-32768.0,-32768.0,-32768.0,-32768.0,
 CLIM_FCG_NYEARS(2)= 16,
 CLIM_FCG_YEARS(1,2)= 1999,2000,2001,2002,2003,2004,2005,2006,2007,
  2008,2009,2010,2011,2012,2013,2014,
 CLIM_FCG_LEVLS(1,2)= 9.903583e-07,9.902529e-07,9.894289e-07,
  9.907824e-07,9.933604e-07,9.937171e-07,9.932327e-07,
  9.932665e-07,9.963465e-07,1.001620e-06,1.003670e-06,
  1.006872e-06,1.009779e-06,1.011000e-06,1.015076e-06,
  1.020028e-06,
 CLIM_FCG_RATES(1,2)= -32768.0,-32768.0,-32768.0,-32768.0,
  -32768.0,-32768.0,-32768.0,-32768.0,-32768.0,-32768.0,-32768.0,
  -32768.0,-32768.0,-32768.0,-32768.0,-32768.0,
 CLIM_FCG_NYEARS(3)= 16,
 CLIM_FCG_YEARS(1,3)= 1999,2000,2001,2002,2003,2004,2005,2006,2007,
  2008,2009,2010,2011,2012,2013,2014,
 CLIM_FCG_LEVLS(1,3)= 4.809475e-07,4.825521e-07,4.836739e-07,
  4.846030e-07,4.855643e-07,4.865225e-07,4.877038e-07,
  4.889309e-07,4.900206e-07,4.914403e-07,4.925101e-07,
  4.938335e-07,4.953892e-07,4.966821e-07,4.980789e-07,
  4.997126e-07,
 CLIM_FCG_RATES(1,3)= -32768.0,-32768.0,-32768.0,-32768.0,
  -32768.0,-32768.0,-32768.0,-32768.0,-32768.0,-32768.0,-32768.0,
  -32768.0,-32768.0,-32768.0,-32768.0,-32768.0,
 CLIM_FCG_NYEARS(4)= 16,
 CLIM_FCG_YEARS(1,4)= 1999,2000,2001,2002,2003,2004,2005,2006,2007,
  2008,2009,2010,2011,2012,2013,2014,
 CLIM_FCG_LEVLS(1,4)= 1.252198e-09,1.245635e-09,1.237909e-09,
  1.228937e-09,1.218177e-09,1.207594e-09,1.196724e-09,
  1.185993e-09,1.175257e-09,1.166019e-09,1.156403e-09,
  1.146822e-09,1.136300e-09,1.126575e-09,1.117867e-09,
  1.111661e-09,
 CLIM_FCG_RATES(1,4)= -32768.0,-32768.0,-32768.0,-32768.0,
  -32768.0,-32768.0,-32768.0,-32768.0,-32768.0,-32768.0,-32768.0,
  -32768.0,-32768.0,-32768.0,-32768.0,-32768.0,
 CLIM_FCG_NYEARS(5)= 16,
 CLIM_FCG_YEARS(1,5)= 1999,2000,2001,2002,2003,2004,2005,2006,2007,
  2008,2009,2010,2011,2012,2013,2014,
 CLIM_FCG_LEVLS(1,5)= 2.267663e-09,2.277067e-09,2.280476e-09,
  2.282411e-09,2.281131e-09,2.279019e-09,2.276072e-09,
  2.269791e-09,2.260454e-09,2.251672e-09,2.240932e-09,
  2.230462e-09,2.218921e-09,2.207590e-09,2.196175e-09,
  2.185536e-09,
 CLIM_FCG_RATES(1,5)= -32768.0,-32768.0,-32768.0,-32768.0,
  -32768.0,-32768.0,-32768.0,-32768.0,-32768.0,-32768.0,-32768.0,
  -32768.0,-32768.0,-32768.0,-32768.0,-32768.0,
 CLIM_FCG_NYEARS(6)= 0,
 CLIM_FCG_NYEARS(7)= 0,
 CLIM_FCG_NYEARS(8)= 16,
 CLIM_FCG_YEARS(1,8)= 1999,2000,2001,2002,2003,2004,2005,2006,2007,
  2008,2009,2010,2011,2012,2013,2014,
 CLIM_FCG_LEVLS(1,8)= 5.359906e-10,5.334908e-10,5.301793e-10,
  5.258111e-10,5.211514e-10,5.157182e-10,5.122367e-10,
  5.083103e-10,5.030176e-10,4.975460e-10,4.939688e-10,
  4.901641e-10,4.856046e-10,4.813132e-10,4.769300e-10,
  4.730641e-10,
 CLIM_FCG_RATES(1,8)= -32768.0,-32768.0,-32768.0,-32768.0,
  -32768.0,-32768.0,-32768.0,-32768.0,-32768.0,-32768.0,-32768.0,
  -32768.0,-32768.0,-32768.0,-32768.0,-32768.0,
 CLIM_FCG_NYEARS(9)= 16,
 CLIM_FCG_YEARS(1,9)= 1999,2000,2001,2002,2003,2004,2005,2006,2007,
  2008,2009,2010,2011,2012,2013,2014,
 CLIM_FCG_LEVLS(1,9)= 4.163798e-10,4.307330e-10,4.481350e-10,
  4.636511e-10,4.773757e-10,4.945195e-10,5.118528e-10,
  5.332483e-10,5.555114e-10,5.797620e-10,6.014303e-10,
  6.237416e-10,6.441996e-10,6.608602e-10,6.789407e-10,
  6.891841e-10,
 CLIM_FCG_RATES(1,9)= -32768.0,-32768.0,-32768.0,-32768.0,
  -32768.0,-32768.0,-32768.0,-32768.0,-32768.0,-32768.0,-32768.0,
  -32768.0,-32768.0,-32768.0,-32768.0,-32768.0,
 CLIM_FCG_NYEARS(10)= 16,
 CLIM_FCG_YEARS(1,10)= 1999,2000,2001,2002,2003,2004,2005,2006,2007,
  2008,2009,2010,2011,2012,2013,2014,
 CLIM_FCG_LEVLS(1,10)= 5.085938e-12,6.683247e-12,8.244424e-12,
  1.053097e-11,1.214349e-11,1.477381e-11,1.763624e-11,
  2.012403e-11,2.295959e-11,2.679315e-11,3.211378e-11,
  3.735287e-11,4.361062e-11,4.892984e-11,5.812054e-11,
  6.398986e-11,
 CLIM_FCG_RATES(1,10)= -32768.0,-32768.0,-32768.0,-32768.0,
  -32768.0,-32768.0,-32768.0,-32768.0,-32768.0,-32768.0,-32768.0,
  -32768.0,-32768.0,-32768.0,-32768.0,-32768.0,
 CLIM_FCG_NYEARS(11)= 16,
 CLIM_FCG_YEARS(1,11)= 1999,2000,2001,2002,2003,2004,2005,2006,2007,
  2008,2009,2010,2011,2012,2013,2014,
 CLIM_FCG_LEVLS(1,11)= 3.245452e-11,4.287176e-11,5.749239e-11,
  6.861941e-11,8.029638e-11,9.204925e-11,1.068146e-10,
  1.192366e-10,1.322371e-10,1.450838e-10,1.539739e-10,
  1.688140e-10,1.833938e-10,1.977008e-10,2.181832e-10,
  2.349494e-10,
 CLIM_FCG_RATES(1,11)= -32768.0,-32768.0,-32768.0,-32768.0,
  -32768.0,-32768.0,-32768.0,-32768.0,-32768.0,-32768.0,-32768.0,
  -32768.0,-32768.0,-32768.0,-32768.0,-32768.0,
 /
