 CLIM_FCG_NYEARS(1)= 12,
 CLIM_FCG_YEARS(1,1)= 2014,2015,2016,2017,2018,2019,2020,2021,2022,
  2023,2024,2025,
 CLIM_FCG_LEVLS(1,1)= 6.075061e-04,6.110925e-04,6.146674e-04,
  6.182468e-04,6.218175e-04,6.253940e-04,6.289809e-04,
  6.325720e-04,6.361566e-04,6.397310e-04,6.432967e-04,
  6.468562e-04,
 CLIM_FCG_RATES(1,1)= -32768.0,-32768.0,-32768.0,-32768.0,
  -32768.0,-32768.0,-32768.0,-32768.0,-32768.0,-32768.0,-32768.0,
  -32768.0,
 CLIM_FCG_NYEARS(2)= 12,
 CLIM_FCG_YEARS(1,2)= 2014,2015,2016,2017,2018,2019,2020,2021,2022,
  2023,2024,2025,
 CLIM_FCG_LEVLS(1,2)= 1.020028e-06,1.023415e-06,1.027116e-06,
  1.030009e-06,1.031057e-06,1.030433e-06,1.028295e-06,
  1.024771e-06,1.019965e-06,1.013976e-06,1.006898e-06,
  9.988214e-07,
 CLIM_FCG_RATES(1,2)= -32768.0,-32768.0,-32768.0,-32768.0,
  -32768.0,-32768.0,-32768.0,-32768.0,-32768.0,-32768.0,-32768.0,
  -32768.0,
 CLIM_FCG_NYEARS(3)= 12,
 CLIM_FCG_YEARS(1,3)= 2014,2015,2016,2017,2018,2019,2020,2021,2022,
  2023,2024,2025,
 CLIM_FCG_LEVLS(1,3)= 4.997126e-07,5.007813e-07,5.018500e-07,
  5.029066e-07,5.039385e-07,5.049457e-07,5.059282e-07,
  5.068861e-07,5.078196e-07,5.087288e-07,5.096140e-07,
  5.104753e-07,
 CLIM_FCG_RATES(1,3)= -32768.0,-32768.0,-32768.0,-32768.0,
  -32768.0,-32768.0,-32768.0,-32768.0,-32768.0,-32768.0,-32768.0,
  -32768.0,
 CLIM_FCG_NYEARS(4)= 12,
 CLIM_FCG_YEARS(1,4)= 2014,2015,2016,2017,2018,2019,2020,2021,2022,
  2023,2024,2025,
 CLIM_FCG_LEVLS(1,4)= 1.111661e-09,1.094394e-09,1.077115e-09,
  1.059844e-09,1.042612e-09,1.025451e-09,1.008398e-09,
  9.914629e-10,9.746414e-10,9.579338e-10,9.413451e-10,
  9.248793e-10,
 CLIM_FCG_RATES(1,4)= -32768.0,-32768.0,-32768.0,-32768.0,
  -32768.0,-32768.0,-32768.0,-32768.0,-32768.0,-32768.0,-32768.0,
  -32768.0,
 CLIM_FCG_NYEARS(5)= 12,
 CLIM_FCG_YEARS(1,5)= 2014,2015,2016,2017,2018,2019,2020,2021,2022,
  2023,2024,2025,
 CLIM_FCG_LEVLS(1,5)= 2.185536e-09,2.170678e-09,2.155218e-09,
  2.139163e-09,2.122594e-09,2.105587e-09,2.088220e-09,
  2.070541e-09,2.052585e-09,2.034383e-09,2.015970e-09,
  1.997377e-09,
 CLIM_FCG_RATES(1,5)= -32768.0,-32768.0,-32768.0,-32768.0,
  -32768.0,-32768.0,-32768.0,-32768.0,-32768.0,-32768.0,-32768.0,
  -32768.0,
 CLIM_FCG_NYEARS(6)= 0,
 CLIM_FCG_NYEARS(7)= 0,
 CLIM_FCG_NYEARS(8)= 12,
 CLIM_FCG_YEARS(1,8)= 2014,2015,2016,2017,2018,2019,2020,2021,2022,
  2023,2024,2025,
 CLIM_FCG_LEVLS(1,8)= 4.730641e-10,4.673274e-10,4.615872e-10,
  4.558369e-10,4.501090e-10,4.444222e-10,4.387893e-10,
  4.332142e-10,4.276954e-10,4.222319e-10,4.168231e-10,
  4.114686e-10,
 CLIM_FCG_RATES(1,8)= -32768.0,-32768.0,-32768.0,-32768.0,
  -32768.0,-32768.0,-32768.0,-32768.0,-32768.0,-32768.0,-32768.0,
  -32768.0,
 CLIM_FCG_NYEARS(9)= 12,
 CLIM_FCG_YEARS(1,9)= 2014,2015,2016,2017,2018,2019,2020,2021,2022,
  2023,2024,2025,
 CLIM_FCG_LEVLS(1,9)= 6.891841e-10,7.132876e-10,7.384457e-10,
  7.628955e-10,7.849955e-10,8.049131e-10,8.228065e-10,
  8.388100e-10,8.530379e-10,8.655987e-10,8.765962e-10,
  8.861265e-10,
 CLIM_FCG_RATES(1,9)= -32768.0,-32768.0,-32768.0,-32768.0,
  -32768.0,-32768.0,-32768.0,-32768.0,-32768.0,-32768.0,-32768.0,
  -32768.0,
 CLIM_FCG_NYEARS(10)= 12,
 CLIM_FCG_YEARS(1,10)= 2014,2015,2016,2017,2018,2019,2020,2021,2022,
  2023,2024,2025,
 CLIM_FCG_LEVLS(1,10)= 6.398986e-11,7.310125e-11,8.316235e-11,
  9.509434e-11,1.097863e-10,1.271427e-10,1.470714e-10,
  1.694816e-10,1.942842e-10,2.213920e-10,2.507196e-10,
  2.821832e-10,
 CLIM_FCG_RATES(1,10)= -32768.0,-32768.0,-32768.0,-32768.0,
  -32768.0,-32768.0,-32768.0,-32768.0,-32768.0,-32768.0,-32768.0,
  -32768.0,
 CLIM_FCG_NYEARS(11)= 12,
 CLIM_FCG_YEARS(1,11)= 2014,2015,2016,2017,2018,2019,2020,2021,2022,
  2023,2024,2025,
 CLIM_FCG_LEVLS(1,11)= 2.349494e-10,2.552726e-10,2.765000e-10,
  2.976321e-10,3.177338e-10,3.368696e-10,3.551003e-10,
  3.724776e-10,3.890451e-10,4.048437e-10,4.199122e-10,
  4.342861e-10,
 CLIM_FCG_RATES(1,11)= -32768.0,-32768.0,-32768.0,-32768.0,
  -32768.0,-32768.0,-32768.0,-32768.0,-32768.0,-32768.0,-32768.0,
  -32768.0,
 /
