&VOLCNL
VOLCANIC_FIRST_YEAR = 1960,
VOLCANIC_LAST_YEAR  = 2001,
VOLCTS = 1.0, 1.0, 1.0, 1.0,
1.0, 1.0, 1.0, 1.0,
1.0, 1.0, 1.0, 1.0,
14.0, 15.0, 13.0, 14.0,
28.0, 28.0, 24.0, 28.0,
43.0, 42.0, 37.0, 43.0,
58.0, 57.0, 50.0, 58.0,
72.0, 71.0, 62.0, 72.0,
87.0, 86.0, 74.0, 87.0,
87.0, 86.0, 74.0, 87.0,
87.0, 86.0, 74.0, 87.0,
87.0, 86.0, 74.0, 87.0,
79.0, 79.0, 69.0, 80.0,
73.0, 122.0, 65.0, 80.0,
67.0, 244.0, 66.0, 73.0,
62.0, 294.0, 67.0, 68.0,
58.0, 270.0, 62.0, 62.0,
55.0, 249.0, 60.0, 71.0,
55.0, 229.0, 55.0, 65.0,
56.0, 210.0, 90.0, 60.0,
51.0, 202.0, 151.0, 55.0,
48.0, 192.0, 161.0, 50.0,
51.0, 175.0, 162.0, 47.0,
48.0, 162.0, 149.0, 43.0,
44.0, 148.0, 137.0, 40.0,
44.0, 137.0, 126.0, 44.0,
47.0, 126.0, 197.0, 172.0,
43.0, 132.0, 258.0, 161.0,
48.0, 120.0, 237.0, 148.0,
54.0, 111.0, 218.0, 136.0,
53.0, 124.0, 221.0, 125.0,
49.0, 160.0, 299.0, 115.0,
45.0, 147.0, 276.0, 105.0,
66.0, 142.0, 253.0, 97.0,
71.0, 131.0, 233.0, 90.0,
72.0, 120.0, 214.0, 83.0,
74.0, 129.0, 197.0, 76.0,
84.0, 133.0, 181.0, 70.0,
103.0, 149.0, 167.0, 64.0,
96.0, 156.0, 268.0, 161.0,
98.0, 207.0, 625.0, 404.0,
91.0, 240.0, 795.0, 743.0,
89.0, 310.0, 798.0, 856.0,
112.0, 379.0, 803.0, 945.0,
104.0, 409.0, 885.0, 1011.0,
120.0, 477.0, 1280.0, 1116.0,
191.0, 523.0, 1509.0, 1293.0,
256.0, 490.0, 1389.0, 1243.0,
300.0, 454.0, 1278.0, 1145.0,
322.0, 417.0, 1175.0, 1055.0,
320.0, 401.0, 1082.0, 971.0,
307.0, 447.0, 1010.0, 895.0,
289.0, 488.0, 1048.0, 822.0,
267.0, 535.0, 1209.0, 759.0,
245.0, 602.0, 1521.0, 778.0,
228.0, 604.0, 1561.0, 746.0,
235.0, 567.0, 1435.0, 686.0,
249.0, 537.0, 1320.0, 631.0,
296.0, 508.0, 1217.0, 591.0,
353.0, 471.0, 1117.0, 561.0,
386.0, 434.0, 1029.0, 528.0,
414.0, 399.0, 947.0, 486.0,
420.0, 367.0, 870.0, 446.0,
394.0, 351.0, 801.0, 411.0,
364.0, 366.0, 737.0, 378.0,
335.0, 361.0, 678.0, 350.0,
308.0, 350.0, 624.0, 322.0,
283.0, 326.0, 574.0, 297.0,
264.0, 306.0, 528.0, 273.0,
257.0, 289.0, 486.0, 251.0,
264.0, 274.0, 446.0, 251.0,
266.0, 284.0, 423.0, 323.0,
290.0, 304.0, 389.0, 318.0,
276.0, 287.0, 358.0, 298.0,
263.0, 271.0, 329.0, 279.0,
251.0, 256.0, 304.0, 262.0,
238.0, 241.0, 279.0, 245.0,
224.0, 225.0, 257.0, 229.0,
212.0, 212.0, 238.0, 215.0,
199.0, 198.0, 220.0, 201.0,
186.0, 185.0, 202.0, 187.0,
173.0, 172.0, 186.0, 175.0,
160.0, 159.0, 171.0, 161.0,
147.0, 146.0, 158.0, 148.0,
135.0, 134.0, 146.0, 136.0,
125.0, 123.0, 134.0, 126.0,
114.0, 113.0, 123.0, 115.0,
105.0, 104.0, 114.0, 106.0,
113.0, 111.0, 109.0, 112.0,
130.0, 128.0, 115.0, 130.0,
147.0, 146.0, 127.0, 147.0,
164.0, 163.0, 142.0, 165.0,
182.0, 180.0, 156.0, 182.0,
199.0, 197.0, 171.0, 199.0,
183.0, 181.0, 158.0, 183.0,
168.0, 167.0, 145.0, 168.0,
155.0, 153.0, 133.0, 155.0,
143.0, 141.0, 123.0, 143.0,
131.0, 130.0, 113.0, 131.0,
121.0, 119.0, 103.0, 121.0,
147.0, 146.0, 126.0, 147.0,
216.0, 214.0, 186.0, 217.0,
285.0, 283.0, 246.0, 286.0,
355.0, 351.0, 306.0, 355.0,
424.0, 420.0, 366.0, 424.0,
494.0, 488.0, 425.0, 494.0,
476.0, 472.0, 411.0, 478.0,
461.0, 456.0, 397.0, 462.0,
444.0, 440.0, 382.0, 446.0,
429.0, 425.0, 369.0, 430.0,
412.0, 409.0, 356.0, 414.0,
397.0, 393.0, 342.0, 398.0,
381.0, 377.0, 327.0, 381.0,
364.0, 361.0, 313.0, 365.0,
349.0, 345.0, 301.0, 350.0,
332.0, 329.0, 286.0, 332.0,
316.0, 314.0, 273.0, 317.0,
300.0, 297.0, 259.0, 301.0,
284.0, 282.0, 245.0, 285.0,
268.0, 266.0, 231.0, 268.0,
251.0, 250.0, 217.0, 252.0,
236.0, 234.0, 203.0, 237.0,
220.0, 217.0, 190.0, 220.0,
204.0, 202.0, 176.0, 205.0,
188.0, 186.0, 162.0, 188.0,
173.0, 171.0, 149.0, 173.0,
159.0, 158.0, 137.0, 160.0,
146.0, 145.0, 126.0, 147.0,
134.0, 132.0, 116.0, 135.0,
124.0, 123.0, 107.0, 124.0,
114.0, 113.0, 98.0, 114.0,
105.0, 104.0, 91.0, 104.0,
97.0, 96.0, 83.0, 96.0,
89.0, 88.0, 77.0, 89.0,
82.0, 81.0, 70.0, 81.0,
76.0, 75.0, 65.0, 75.0,
69.0, 69.0, 60.0, 70.0,
64.0, 63.0, 54.0, 64.0,
59.0, 58.0, 50.0, 59.0,
54.0, 53.0, 47.0, 54.0,
57.0, 57.0, 57.0, 57.0,
53.0, 53.0, 53.0, 53.0,
48.0, 48.0, 48.0, 48.0,
45.0, 45.0, 45.0, 45.0,
41.0, 41.0, 41.0, 41.0,
38.0, 38.0, 38.0, 38.0,
35.0, 35.0, 35.0, 35.0,
32.0, 32.0, 32.0, 32.0,
29.0, 30.0, 29.0, 29.0,
29.0, 30.0, 29.0, 29.0,
33.0, 33.0, 33.0, 33.0,
37.0, 37.0, 37.0, 36.0,
41.0, 41.0, 41.0, 41.0,
44.0, 44.0, 44.0, 44.0,
48.0, 48.0, 48.0, 48.0,
52.0, 52.0, 52.0, 52.0,
56.0, 56.0, 56.0, 56.0,
60.0, 60.0, 60.0, 60.0,
64.0, 64.0, 65.0, 64.0,
67.0, 67.0, 67.0, 67.0,
71.0, 71.0, 71.0, 71.0,
75.0, 75.0, 75.0, 75.0,
79.0, 79.0, 80.0, 79.0,
83.0, 83.0, 83.0, 83.0,
86.0, 86.0, 86.0, 86.0,
90.0, 89.0, 90.0, 90.0,
94.0, 94.0, 94.0, 93.0,
98.0, 98.0, 98.0, 98.0,
102.0, 102.0, 102.0, 102.0,
106.0, 106.0, 106.0, 106.0,
109.0, 109.0, 109.0, 109.0,
113.0, 113.0, 113.0, 113.0,
117.0, 117.0, 117.0, 117.0,
121.0, 121.0, 121.0, 121.0,
125.0, 126.0, 125.0, 125.0,
129.0, 129.0, 129.0, 129.0,
132.0, 132.0, 132.0, 132.0,
136.0, 136.0, 136.0, 136.0,
140.0, 140.0, 140.0, 140.0,
183.0, 183.0, 183.0, 183.0,
227.0, 227.0, 227.0, 227.0,
270.0, 270.0, 270.0, 270.0,
313.0, 313.0, 313.0, 313.0,
357.0, 357.0, 357.0, 357.0,
400.0, 400.0, 400.0, 400.0,
368.0, 368.0, 368.0, 368.0,
339.0, 340.0, 339.0, 338.0,
312.0, 312.0, 311.0, 312.0,
287.0, 287.0, 287.0, 286.0,
264.0, 264.0, 264.0, 264.0,
243.0, 243.0, 244.0, 243.0,
223.0, 223.0, 223.0, 223.0,
204.0, 205.0, 205.0, 205.0,
189.0, 189.0, 189.0, 189.0,
174.0, 174.0, 174.0, 174.0,
160.0, 160.0, 160.0, 160.0,
147.0, 147.0, 147.0, 147.0,
135.0, 135.0, 135.0, 135.0,
125.0, 126.0, 125.0, 125.0,
115.0, 116.0, 115.0, 115.0,
105.0, 105.0, 105.0, 105.0,
97.0, 97.0, 97.0, 97.0,
89.0, 89.0, 89.0, 89.0,
82.0, 82.0, 82.0, 82.0,
76.0, 76.0, 76.0, 76.0,
70.0, 70.0, 70.0, 70.0,
64.0, 64.0, 65.0, 64.0,
59.0, 59.0, 59.0, 59.0,
54.0, 54.0, 54.0, 54.0,
50.0, 50.0, 50.0, 50.0,
46.0, 46.0, 46.0, 46.0,
42.0, 42.0, 42.0, 42.0,
39.0, 38.0, 39.0, 39.0,
36.0, 36.0, 36.0, 36.0,
33.0, 33.0, 33.0, 33.0,
30.0, 30.0, 29.0, 30.0,
28.0, 28.0, 28.0, 28.0,
26.0, 26.0, 26.0, 26.0,
24.0, 24.0, 24.0, 24.0,
28.0, 28.0, 28.0, 28.0,
47.0, 48.0, 47.0, 47.0,
65.0, 65.0, 65.0, 65.0,
83.0, 83.0, 83.0, 83.0,
102.0, 102.0, 102.0, 102.0,
120.0, 120.0, 120.0, 120.0,
122.0, 122.0, 122.0, 122.0,
123.0, 123.0, 123.0, 123.0,
125.0, 126.0, 125.0, 125.0,
127.0, 127.0, 127.0, 127.0,
128.0, 127.0, 127.0, 128.0,
118.0, 118.0, 118.0, 118.0,
108.0, 108.0, 108.0, 108.0,
100.0, 100.0, 100.0, 99.0,
92.0, 92.0, 92.0, 92.0,
84.0, 84.0, 84.0, 84.0,
78.0, 78.0, 78.0, 78.0,
71.0, 71.0, 71.0, 71.0,
66.0, 66.0, 66.0, 66.0,
60.0, 60.0, 60.0, 60.0,
56.0, 56.0, 56.0, 56.0,
51.0, 51.0, 51.0, 51.0,
47.0, 48.0, 47.0, 47.0,
43.0, 43.0, 43.0, 43.0,
40.0, 40.0, 40.0, 40.0,
37.0, 37.0, 37.0, 36.0,
42.0, 42.0, 34.0, 34.0,
55.0, 55.0, 31.0, 31.0,
65.0, 65.0, 31.0, 31.0,
68.0, 68.0, 32.0, 32.0,
68.0, 68.0, 34.0, 34.0,
65.0, 65.0, 41.0, 41.0,
61.0, 61.0, 41.0, 41.0,
59.0, 59.0, 42.0, 42.0,
55.0, 55.0, 42.0, 42.0,
51.0, 51.0, 42.0, 42.0,
47.0, 48.0, 42.0, 42.0,
43.0, 43.0, 42.0, 42.0,
52.0, 52.0, 44.0, 44.0,
61.0, 61.0, 48.0, 48.0,
57.0, 57.0, 51.0, 51.0,
53.0, 53.0, 48.0, 48.0,
54.0, 54.0, 46.0, 46.0,
55.0, 55.0, 46.0, 45.0,
55.0, 55.0, 46.0, 46.0,
61.0, 61.0, 51.0, 51.0,
61.0, 62.0, 51.0, 51.0,
61.0, 61.0, 51.0, 51.0,
73.0, 773.0, 48.0, 54.0,
185.0, 1366.0, 56.0, 50.0,
260.0, 1593.0, 154.0, 67.0,
318.0, 1855.0, 344.0, 134.0,
390.0, 1866.0, 448.0, 189.0,
465.0, 1827.0, 540.0, 225.0,
577.0, 1802.0, 655.0, 274.0,
788.0, 1686.0, 735.0, 343.0,
1106.0, 1552.0, 757.0, 465.0,
1170.0, 1428.0, 702.0, 519.0,
1223.0, 1313.0, 662.0, 548.0,
1459.0, 1208.0, 626.0, 549.0,
1391.0, 1112.0, 597.0, 554.0,
1318.0, 1022.0, 569.0, 552.0,
1214.0, 940.0, 523.0, 508.0,
1116.0, 866.0, 481.0, 467.0,
1027.0, 797.0, 442.0, 430.0,
945.0, 733.0, 408.0, 396.0,
870.0, 674.0, 374.0, 363.0,
800.0, 620.0, 345.0, 334.0,
735.0, 572.0, 318.0, 325.0,
676.0, 525.0, 292.0, 313.0,
623.0, 483.0, 268.0, 292.0,
573.0, 444.0, 247.0, 268.0,
527.0, 409.0, 227.0, 247.0,
485.0, 376.0, 208.0, 227.0,
446.0, 346.0, 193.0, 224.0,
410.0, 319.0, 177.0, 224.0,
377.0, 293.0, 163.0, 206.0,
347.0, 270.0, 149.0, 189.0,
319.0, 248.0, 138.0, 174.0,
294.0, 228.0, 126.0, 160.0,
271.0, 210.0, 117.0, 154.0,
228.0, 130.0, 130.0, 170.0,
234.0, 119.0, 116.0, 172.0,
194.0, 100.0, 113.0, 157.0,
184.0, 100.0, 113.0, 156.0,
161.0, 95.0, 103.0, 153.0,
139.0, 97.0, 103.0, 165.0,
118.0, 99.0, 97.0, 171.0,
118.0, 96.0, 91.0, 157.0,
120.0, 93.0, 85.0, 109.0,
120.0, 91.0, 87.0, 102.0,
121.0, 88.0, 80.0, 96.0,
135.0, 140.0, 107.0, 100.0,
159.0, 191.0, 132.0, 94.0,
188.0, 216.0, 127.0, 94.0,
136.0, 188.0, 148.0, 96.0,
149.0, 190.0, 143.0, 98.0,
135.0, 175.0, 141.0, 103.0,
119.0, 149.0, 129.0, 118.0,
105.0, 123.0, 130.0, 151.0,
102.0, 121.0, 135.0, 201.0,
116.0, 133.0, 123.0, 130.0,
118.0, 146.0, 134.0, 100.0,
127.0, 136.0, 127.0, 95.0,
141.0, 128.0, 110.0, 96.0,
171.0, 121.0, 92.0, 86.0,
159.0, 112.0, 81.0, 88.0,
149.0, 99.0, 89.0, 96.0,
138.0, 94.0, 87.0, 94.0,
133.0, 95.0, 83.0, 91.0,
122.0, 89.0, 88.0, 121.0,
104.0, 85.0, 85.0, 156.0,
105.0, 82.0, 85.0, 160.0,
115.0, 84.0, 79.0, 137.0,
114.0, 80.0, 75.0, 103.0,
120.0, 73.0, 73.0, 89.0,
118.0, 68.0, 70.0, 99.0,
119.0, 65.0, 67.0, 89.0,
138.0, 61.0, 65.0, 87.0,
103.0, 55.0, 67.0, 87.0,
95.0, 53.0, 60.0, 86.0,
83.0, 52.0, 61.0, 86.0,
65.0, 52.0, 66.0, 98.0,
54.0, 52.0, 62.0, 150.0,
59.0, 51.0, 65.0, 209.0,
70.0, 54.0, 59.0, 92.0,
69.0, 50.0, 59.0, 81.0,
73.0, 50.0, 59.0, 86.0,
77.0, 51.0, 58.0, 87.0,
106.0, 49.0, 56.0, 77.0,
79.0, 47.0, 51.0, 76.0,
67.0, 45.0, 55.0, 77.0,
69.0, 46.0, 50.0, 72.0,
58.0, 42.0, 9.0, 79.0,
60.0, 41.0, 44.0, 81.0,
55.0, 39.0, 49.0, 125.0,
50.0, 39.0, 51.0, 192.0,
53.0, 44.0, 44.0, 105.0,
56.0, 42.0, 46.0, 69.0,
62.0, 43.0, 47.0, 65.0,
67.0, 38.0, 43.0, 64.0,
103.0, 35.0, 39.0, 58.0,
161.0, 35.0, 44.0, 59.0,
62.0, 42.0, 75.0, 63.0,
67.0, 11.0, 48.0, 48.0,
58.0, 38.0, 16.0, 63.0,
54.0, 39.0, 55.0, 88.0,
51.0, 42.0, 62.0, 137.0,
51.0, 45.0, 64.0, 137.0,
53.0, 47.0, 55.0, 113.0,
57.0, 46.0, 56.0, 71.0,
60.0, 47.0, 57.0, 72.0,
66.0, 43.0, 56.0, 71.0,
76.0, 41.0, 49.0, 71.0,
67.0, 42.0, 45.0, 70.0,
57.0, 40.0, 49.0, 73.0,
58.0, 38.0, 43.0, 69.0,
52.0, 38.0, 46.0, 75.0,
57.0, 341.0, 218.0, 81.0,
119.0, 661.0, 574.0, 112.0,
220.0, 1080.0, 1233.0, 228.0,
347.0, 1521.0, 1485.0, 411.0,
570.0, 1757.0, 1610.0, 771.0,
774.0, 1748.0, 1815.0, 1117.0,
1371.0, 1556.0, 1506.0, 1078.0,
1598.0, 1654.0, 1536.0, 1123.0,
1702.0, 1680.0, 1451.0, 1128.0,
1583.0, 1588.0, 1395.0, 1133.0,
1425.0, 1482.0, 1408.0, 1217.0,
1367.0, 1475.0, 1367.0, 1294.0,
1178.0, 1218.0, 1262.0, 1405.0,
1070.0, 1233.0, 1187.0, 1422.0,
1054.0, 1078.0, 1076.0, 1361.0,
1018.0, 1023.0, 942.0, 1203.0,
1019.0, 934.0, 848.0, 1125.0,
1019.0, 816.0, 802.0, 1050.0,
1006.0, 653.0, 618.0, 918.0,
1005.0, 571.0, 575.0, 844.0,
893.0, 497.0, 507.0, 769.0,
804.0, 447.0, 473.0, 728.0,
732.0, 404.0, 430.0, 690.0,
618.0, 379.0, 422.0, 695.0,
527.0, 332.0, 390.0, 694.0,
416.0, 317.0, 368.0, 695.0,
392.0, 321.0, 354.0, 645.0,
365.0, 317.0, 322.0, 581.0,
359.0, 290.0, 317.0, 545.0,
359.0, 257.0, 311.0, 480.0,
357.0, 234.0, 251.0, 414.0,
350.0, 211.0, 235.0, 349.0,
335.0, 193.0, 219.0, 319.0,
302.0, 172.0, 193.0, 289.0,
282.0, 158.0, 166.0, 269.0,
237.0, 150.0, 165.0, 271.0,
190.0, 139.0, 148.0, 264.0,
158.0, 141.0, 155.0, 265.0,
154.0, 151.0, 143.0, 242.0,
150.0, 137.0, 130.0, 226.0,
156.0, 137.0, 140.0, 230.0,
180.0, 118.0, 132.0, 206.0,
219.0, 103.0, 126.0, 193.0,
148.0, 79.0, 99.0, 155.0,
148.0, 76.0, 97.0, 146.0,
141.0, 76.0, 90.0, 130.0,
134.0, 66.0, 77.0, 125.0,
119.0, 64.0, 82.0, 135.0,
100.0, 65.0, 72.0, 134.0,
90.0, 62.0, 82.0, 142.0,
75.0, 65.0, 73.0, 134.0,
69.0, 59.0, 63.0, 148.0,
72.0, 65.0, 73.0, 142.0,
86.0, 63.0, 74.0, 121.0,
86.0, 56.0, 66.0, 98.0,
92.0, 54.0, 61.0, 87.0,
90.0, 51.0, 61.0, 83.0,
92.0, 50.0, 55.0, 73.0,
89.0, 48.0, 46.0, 67.0,
80.0, 46.0, 56.0, 84.0,
69.0, 48.0, 46.0, 77.0,
57.0, 53.0, 58.0, 93.0,
56.0, 50.0, 52.0, 89.0,
56.0, 40.0, 45.0, 94.0,
57.0, 50.0, 57.0, 88.0,
65.0, 48.0, 57.0, 84.0,
69.0, 43.0, 51.0, 78.0,
79.0, 43.0, 51.0, 66.0,
70.0, 40.0, 51.0, 64.0,
70.0, 37.0, 44.0, 60.0,
72.0, 38.0, 38.0, 58.0,
61.0, 35.0, 47.0, 74.0,
54.0, 34.0, 35.0, 74.0,
48.0, 41.0, 43.0, 80.0,
47.0, 46.0, 37.0, 69.0,
43.0, 36.0, 45.0, 84.0,
48.0, 41.0, 42.0, 71.0,
44.0, 37.0, 39.0, 65.0,
40.0, 34.0, 36.0, 60.0,
40.0, 34.0, 36.0, 60.0,
39.0, 33.0, 35.0, 59.0,
38.0, 32.0, 34.0, 57.0,
37.0, 32.0, 33.0, 56.0,
36.0, 31.0, 33.0, 54.0,
35.0, 30.0, 32.0, 53.0,
34.0, 29.0, 31.0, 52.0,
34.0, 29.0, 30.0, 50.0,
33.0, 28.0, 29.0, 49.0,
32.0, 27.0, 29.0, 48.0,
31.0, 26.0, 28.0, 47.0,
30.0, 26.0, 27.0, 46.0,
30.0, 25.0, 27.0, 44.0,
29.0, 25.0, 26.0, 43.0,
28.0, 24.0, 25.0, 42.0,
27.0, 23.0, 25.0, 41.0,
27.0, 23.0, 24.0, 40.0,
26.0, 22.0, 24.0, 39.0,
26.0, 22.0, 23.0, 38.0,
25.0, 21.0, 22.0, 37.0,
24.0, 21.0, 22.0, 36.0,
24.0, 20.0, 21.0, 35.0,
23.0, 20.0, 21.0, 35.0,
23.0, 20.0, 20.0, 34.0,
22.0, 20.0, 20.0, 33.0,
21.0, 20.0, 20.0, 32.0,
21.0, 20.0, 20.0, 31.0,
20.0, 20.0, 20.0, 31.0,
20.0, 20.0, 20.0, 30.0,
20.0, 20.0, 20.0, 29.0,
20.0, 20.0, 20.0, 28.0,
20.0, 20.0, 20.0, 28.0,
20.0, 20.0, 20.0, 27.0,
20.0, 20.0, 20.0, 26.0,
20.0, 20.0, 20.0, 26.0,
20.0, 20.0, 20.0, 25.0,
/
